,mean_fit_time,std_fit_time,mean_score_time,std_score_time,param_kneighborsregressor__n_neighbors,param_kneighborsregressor__weights,params,split0_test_score,split1_test_score,split2_test_score,split3_test_score,mean_test_score,std_test_score,rank_test_score,split0_train_score,split1_train_score,split2_train_score,split3_train_score,mean_train_score,std_train_score
0,0.02273458242416382,0.0030425103827609753,0.052065491676330566,0.020386679023852806,1,uniform,"{'kneighborsregressor__n_neighbors': 1, 'kneighborsregressor__weights': 'uniform'}",-0.019030641008060067,-0.10679404549679261,0.08509517718757054,-0.035907395898073124,-0.019159226303838817,0.06861005739187735,13,1.0,1.0,1.0,1.0,1.0,0.0
1,0.021691739559173584,0.0010867057945825533,0.04438120126724243,0.006327110528752203,1,distance,"{'kneighborsregressor__n_neighbors': 1, 'kneighborsregressor__weights': 'distance'}",-0.019030641008060067,-0.10679404549679261,0.08509517718757054,-0.035907395898073124,-0.019159226303838817,0.06861005739187735,13,1.0,1.0,1.0,1.0,1.0,0.0
2,0.03390908241271973,0.017100411817719693,0.056607961654663086,0.009081632395652194,3,uniform,"{'kneighborsregressor__n_neighbors': 3, 'kneighborsregressor__weights': 'uniform'}",0.21933909957862052,0.2068788631388625,0.19691687775353417,0.25432290587666606,0.2193644365869208,0.02169030693046588,12,0.6069555060117993,0.6347976642795927,0.6397831568273529,0.6369270296834408,0.6296158392005464,0.01320198721193522
3,0.019447803497314453,0.001115234282555221,0.0600895881652832,0.014866245243933773,3,distance,"{'kneighborsregressor__n_neighbors': 3, 'kneighborsregressor__weights': 'distance'}",0.31367407868950814,0.2626247436012622,0.27575226106447615,0.338889267063857,0.29773508760477585,0.03026424805977924,10,1.0,1.0,1.0,1.0,1.0,0.0
4,0.019446909427642822,0.0016523529262966043,0.05235975980758667,0.01325949045657245,5,uniform,"{'kneighborsregressor__n_neighbors': 5, 'kneighborsregressor__weights': 'uniform'}",0.257911657600829,0.2934070789718273,0.23764351817019036,0.26564574269732777,0.2636519993600436,0.019992075883422424,11,0.49545670181106183,0.4950661884223707,0.5150145002606981,0.49471895393983756,0.5000640861084921,0.008635570226800464
5,0.021691620349884033,0.0039499499517832645,0.05884253978729248,0.006147703709913864,5,distance,"{'kneighborsregressor__n_neighbors': 5, 'kneighborsregressor__weights': 'distance'}",0.37270627248551813,0.37664049197160254,0.3368033969808357,0.37893452894442203,0.3662711725955946,0.017158406748691103,5,1.0,1.0,1.0,1.0,1.0,0.0
6,0.018952667713165283,0.0015787321789395069,0.044998347759246826,0.011162195610587369,10,uniform,"{'kneighborsregressor__n_neighbors': 10, 'kneighborsregressor__weights': 'uniform'}",0.30296353857171165,0.30174460239825707,0.29027462192461073,0.30148119950279684,0.2991159905993441,0.005135105612073201,9,0.41159395158964196,0.41942049075466004,0.4250928289310021,0.40981490628988193,0.4164805443912965,0.006146630176782192
7,0.022938787937164307,0.004986703413654439,0.04540032148361206,0.003744518466654502,10,distance,"{'kneighborsregressor__n_neighbors': 10, 'kneighborsregressor__weights': 'distance'}",0.4264972322810042,0.39506268152343404,0.3938923955951027,0.41833037454092825,0.4084456709851173,0.014269446915652987,4,1.0,1.0,1.0,1.0,1.0,0.0
8,0.018438756465911865,0.0032929253340536146,0.05762135982513428,0.0038171919827389256,30,uniform,"{'kneighborsregressor__n_neighbors': 30, 'kneighborsregressor__weights': 'uniform'}",0.3151799877767789,0.3274939518757226,0.30575309942400464,0.31615242386575526,0.31614486573556533,0.007709111652640037,7,0.3495095545171727,0.3484211792394317,0.36261408897506897,0.35330751675913785,0.35346308487270284,0.005586060602213094
9,0.020195603370666504,0.0019151188744997538,0.057845354080200195,0.009435054393513364,30,distance,"{'kneighborsregressor__n_neighbors': 30, 'kneighborsregressor__weights': 'distance'}",0.45218933615916534,0.44343301697097226,0.4084242233590071,0.43272887489333534,0.43419386284562,0.01639679494368393,2,1.0,1.0,1.0,1.0,1.0,0.0
10,0.017678141593933105,0.0004196835628524296,0.05984288454055786,0.018641267215123596,50,uniform,"{'kneighborsregressor__n_neighbors': 50, 'kneighborsregressor__weights': 'uniform'}",0.31310118693909883,0.3503070195486889,0.30460492062297806,0.3212417526413923,0.32231371993803953,0.017199173486060003,6,0.344320860975469,0.3369297442388416,0.35781579727579127,0.34842309734826593,0.3468723749595919,0.007542038205581563
11,0.018450558185577393,0.0014958580622624286,0.04238671064376831,0.009682131578724343,50,distance,"{'kneighborsregressor__n_neighbors': 50, 'kneighborsregressor__weights': 'distance'}",0.4488513430454514,0.4639053717014532,0.41016216123999727,0.4321488191772025,0.43876692379102605,0.019972911807774385,1,1.0,1.0,1.0,1.0,1.0,0.0
12,0.01902008056640625,0.0016685511550629504,0.050116121768951416,0.005658159846832432,100,uniform,"{'kneighborsregressor__n_neighbors': 100, 'kneighborsregressor__weights': 'uniform'}",0.298987856348372,0.33328969541832365,0.28307913625761794,0.3175764247980113,0.3082332782055812,0.018929653418926485,8,0.31821927150317786,0.31366295654062415,0.32898007585800315,0.32402200421809335,0.3212210770299746,0.005791875293865058
13,0.019447922706604004,0.0016537712257319365,0.06756937503814697,0.006592228495466912,100,distance,"{'kneighborsregressor__n_neighbors': 100, 'kneighborsregressor__weights': 'distance'}",0.43785428956531636,0.4534427248680173,0.38999170964250995,0.4199881744897618,0.42531922464140137,0.023582369099389825,3,1.0,1.0,1.0,1.0,1.0,0.0
