,0
0,7.0
1,5.735707245832097
2,5.270445805774728
3,5.5290697582114054
4,5.187792251012665
5,5.175037746970386
6,5.0
7,5.5736289295915515
8,5.940445107501493
9,5.506835137856515
10,5.117474173206766
11,6.0
12,6.304014333493277
13,6.533768683638128
14,7.0
15,5.117167867209738
16,5.953397286786851
17,7.0
18,5.384786857580605
19,5.8096512031516525
20,5.64459779052742
21,6.0
22,5.364238849646164
23,7.0
24,5.652095300956789
25,5.336549535446369
26,5.579052217546989
27,6.49851112677409
28,5.082359621815581
29,5.275812997352109
30,5.266862004869366
31,6.377883590055503
32,5.389845256093047
33,5.779052547043205
34,5.914339072636673
35,5.074545996921715
36,5.3576334268879435
37,5.966937288734969
38,5.0
39,7.0
40,5.885453272559389
41,5.1025451715952785
42,6.734505755310054
43,5.410033961138224
44,5.608846176385295
45,5.0
46,5.0
47,5.820887056594816
48,5.575552414640137
49,5.957786357152999
50,5.432990963666306
51,6.31839962383411
52,5.468627664477909
53,6.4478239953194825
54,5.551209738238272
55,5.582112981149635
56,6.054945495452133
57,6.563924205474577
58,5.453597312044628
59,6.494865041320378
60,6.590736262651484
61,5.206214183189637
62,6.351986098656877
63,5.887342275398563
64,7.0
65,5.3200211450042465
66,6.453025077721506
67,5.353671277150132
68,5.744200584328437
69,5.433388538663207
70,5.367570986688733
71,5.683023684758098
72,5.184076576344472
73,7.0
74,6.724535897635493
75,5.619687584825925
76,6.521933411218957
77,5.206956794034836
78,6.0
79,5.123233348113841
80,6.325692201658842
81,5.0
82,5.291688840781027
83,5.58010290165358
84,6.054945495452133
85,5.536630420229115
86,5.213268797282652
87,5.712170835628475
88,5.242769585816008
89,7.0
90,5.112282529362337
91,5.484738399269454
92,5.187792251012665
93,5.5283099962468265
94,5.603705309228261
95,5.0
96,5.0
97,6.0
98,5.218765052631041
99,6.157735484102866
100,5.6008500258743155
101,5.78792472229378
102,5.4990087338126745
103,5.820657264486344
104,6.285683652892612
105,5.0
106,5.498990815240568
107,6.466221770184158
108,5.199427974408733
109,6.0
110,5.80666996805368
111,5.623239752109046
112,5.579048793868167
113,5.14433376260195
114,5.847290722815584
115,6.308457288642424
116,6.0
117,6.0
118,5.339447604057904
119,5.761092124234059
120,5.0
121,5.0829325835634
122,5.787999853394875
123,5.2256375266651185
124,6.202959453867544
125,6.278236840198181
126,5.252121829837289
127,6.418879125804502
128,6.0
129,6.654847748795481
130,6.131602112807517
131,6.361703602771565
132,6.4058789027768555
133,5.41594767300907
134,5.223900316713803
135,5.71436221552351
136,5.506888919013206
137,5.699128109801584
138,5.0
139,5.688471806621193
140,5.226242095639115
141,5.746192528868773
142,5.599777143896304
143,6.0
144,5.0
145,5.0
146,4.986174775555973
147,5.442272352335338
148,5.9047783481248795
149,5.315095721932327
150,6.0
151,5.956831284017718
152,5.629594120246167
153,5.0
154,6.0
155,5.218765052631041
156,5.754340996545441
157,5.337893230747448
158,5.237126913164209
159,5.717543764661189
160,5.278741643673423
161,5.349758965373247
162,5.0
163,5.291688840781027
164,5.529569827418985
165,5.0
166,5.42053549074211
167,5.27635175520806
168,5.044502837075892
169,6.275451049454994
170,5.0381933658368725
171,6.0
172,5.964951915773652
173,7.0
174,5.0
175,6.087255419361082
176,5.712170835628475
177,5.155660482256526
178,5.6185503074515655
179,5.0
180,7.0
181,6.163586326484849
182,5.496457396329623
183,5.951606451404056
184,5.55386031514907
185,5.206214183189637
186,5.555171825067008
187,6.5866109127231764
188,5.148167411028549
189,5.734779417969538
190,6.0
191,7.0
192,5.8256891829583966
193,5.9041615068160835
194,5.389137318648115
195,6.0
196,5.780810802825329
197,6.511938990355842
198,6.180848897257181
199,5.0
200,5.973128907787247
201,5.2896452242119105
202,5.900986352078124
203,5.570597404181173
204,5.238552550936095
205,5.0
206,5.266097916101174
207,5.938416930107652
208,5.189705269379531
209,6.63862648101285
210,6.15486692107406
211,5.773583337229917
212,6.229764689825425
213,5.740194613042709
214,5.649764411680584
215,5.0
216,7.0
217,5.778137508292928
218,5.6790570609425375
219,7.0
220,5.584840653287277
221,5.478590562312244
222,6.179186675239862
223,5.0
224,7.0
225,6.41547176151893
226,5.38587633602532
227,5.0874015975087605
228,5.395800998237428
229,5.10565821504219
230,6.0
231,5.191636329605304
232,5.596196599585426
233,5.2065218872618155
234,5.817781214163992
235,5.43576728328067
236,6.0
237,6.41282085759677
238,7.0
239,5.491658614745921
240,6.0
241,5.0
242,5.0
243,5.809792605651321
244,5.451545154491793
245,5.84931289694668
246,6.0
247,6.744071170740906
248,5.95718051074885
249,5.736394612519938
250,5.339447604057904
251,5.809818479402016
252,5.0
253,7.0
254,5.776293865863513
255,5.198810898651019
256,6.128170457073889
257,4.977661938738474
258,5.540229240591862
259,5.0
260,5.968123282729357
261,6.0
262,6.125091029840328
263,6.0
264,5.291546427246169
265,5.8980733664516
266,5.330169777925132
267,5.063853936361489
268,5.756105727522064
269,6.0
270,5.720914598331246
271,5.586691066343364
272,6.284183302759101
273,5.261178125531848
274,5.265030955592396
275,5.0
276,5.118785363098312
277,5.1326498037545925
278,5.187698380045064
279,5.2662233188387555
280,6.643393230251102
281,5.549236460087423
282,5.7947959000535905
283,5.0
284,5.0
285,5.407916854075908
286,5.6645771198598185
287,5.0
288,6.226697247025092
289,5.09295539797487
290,5.229551547212077
291,5.0
292,5.570597404181173
293,5.560275903433348
294,5.6678564306205885
295,6.427360857347042
296,5.734779417969538
297,6.0
298,5.809171100736634
299,5.390034513769718
300,5.019568615448424
301,5.38146731018519
302,6.0
303,5.086111813707587
304,5.915269520383729
305,5.756105727522064
306,5.29482589772318
307,5.178877037620285
308,5.477316662499233
309,5.876988789352725
310,5.213190260441805
311,6.0
312,5.42564728317728
313,5.697932116853071
314,6.253623959641445
315,5.520707776420526
316,5.936710419952023
317,6.379913860822679
318,5.5501152834503955
319,5.647527154215957
